200 717
47 313
52 230
52 208    less lits
52 207    less lits
52 207    less lits
52 207    less lits
52 207    less lits
33 2976    less nodes
231 1195
231 1108
231 1037
231 1037
232 1202
232 1037
203 1084
203 1084
33 1368    less nodes
33 558    less nodes
33 558    less nodes
31 556    less nodes
31 556    less nodes
31 1358    less nodes
31 556    less nodes
51 220
232 1420
212 1553
231 1428
33 1368    less nodes
232 1426
224 1418
224 1125
224 1125
232 1426
232 1133
232 1133
269 776
269 776
269 776
269 776
251 961
200 1290
200 1290
200 725
217 641
217 641
217 641
217 637
217 637
217 637
217 637
217 637
217 637
217 637
217 637
232 1410
199 1509
33 1392    less nodes
33 1392    less nodes
232 1398
232 1123
273 763
273 763
273 762
210 1283
210 876
33 1381    less nodes
33 1381    less nodes
33 1381    less nodes
77 372
77 365
66 375
66 375
64 268
64 268
65 265
58 545
55 1030
49 244
49 244
52 240
52 239
48 242
48 242
48 237
47 532
31 1876    less nodes
31 1328    less nodes
31 455    less nodes
31 368    less nodes
31 368    less nodes
31 1355    less nodes
31 360    less nodes
31 360    less nodes
31 356    less nodes
31 356    less nodes
31 1351    less nodes
46 223    less nodes
233 1418
213 1548
209 1544
209 1227
209 1087
180 1157
164 1620
164 1337
146 1407
146 1407
60 265
52 726
52 349
52 345
52 345
56 276
56 276
56 276
56 276
56 276
56 276
55 275
55 275
55 275
58 270
54 626
54 360
54 291
53 680
70 297
70 297
59 568
59 453
59 571
75 296
60 510
31 1650    less nodes
46 220    less nodes
45 222    less nodes
45 222    less nodes
45 222    less nodes
45 222    less nodes
45 222    less nodes
45 222    less nodes
45 585    less nodes
64 255
64 245
64 245
50 423
50 346
50 270
50 556
31 1371    less nodes
31 1371    less nodes
31 1371    less nodes
31 564    less nodes
31 1371    less nodes
232 1427
303 824
303 824
33 1368    less nodes
33 1368    less nodes
33 1368    less nodes
33 349    less nodes
33 1264    less nodes
33 559    less nodes
33 350    less nodes
33 350    less nodes
31 348    less nodes
31 1982    less nodes
31 1982    less nodes
31 591    less nodes
31 591    less nodes
31 1982    less nodes
31 1982    less nodes
70 289
70 289
52 228
47 220
232 1422
232 1134
232 1029
181 795
233 1426
200 1525
200 1104
200 1524
113 1437
113 1078
233 1420
299 811
212 1178
205 1524
205 1524
82 320
82 320
80 310
80 310
58 309
58 309
232 1437
224 1429
33 1368    less nodes
33 1368    less nodes
33 1368    less nodes
33 1368    less nodes
64 257
64 257
64 244
232 1433
232 1100
186 1519
186 1519
51 239
51 239
45 795    less nodes
44 1722    less nodes
44 1722    less nodes
44 457    less nodes
31 1791    less nodes
233 1424
33 1368    less nodes
47 229
233 1417
233 1129
168 700
168 697
104 858
88 812
66 298
66 298
66 298
233 1434
233 1141
233 1141
196 1481
108 1393
33 1407    less nodes
33 1129    less nodes
33 358    less nodes
51 227
48 528
48 221
48 221
48 221
48 221
47 220
47 220
47 220
31 1439    less nodes
31 1439    less nodes
31 1439    less nodes
31 336    less nodes
31 2248    less nodes
31 332    less nodes
31 332    less nodes
31 332    less nodes
31 332    less nodes
31 332    less nodes
31 332    less nodes
31 332    less nodes
56 236
50 233
50 232
45 643    less nodes
45 453    less nodes
45 278    less nodes
45 278    less nodes
44 224    less nodes
232 1441
232 1155
222 1145
203 1972
232 1425
175 801
231 1409
211 1538
207 1534
207 1100
179 1196
179 1120
179 1102
231 1428
198 1527
117 1446
117 1041
109 1035
109 987
109 971
109 971
231 1422
211 1555
296 813
296 712
271 690
77 410
68 1000
68 464
92 366
63 306
31 1386    less nodes
47 229
47 229
50 225
31 1822    less nodes
70 273
70 273
57 589
70 276
70 268
57 586
234 1434
234 1139
275 781
275 780
212 1317
33 1380    less nodes
33 1380    less nodes
33 1380    less nodes
33 1102    less nodes
49 215
49 215
49 215
51 213
51 213
45 212    less nodes
45 212    less nodes
233 1419
296 798
232 1426
199 1525
199 1107
232 1410
231 1428
223 1420
175 720
60 269
53 231
53 231
31 1885    less nodes
232 1419
232 1134
206 1214
232 1426
199 1525
102 398
61 293
54 262
54 262
53 261
53 261
53 261
53 261
53 260
53 247
233 1417
232 1426
33 1368    less nodes
33 1368    less nodes
33 925    less nodes
33 925    less nodes
33 350    less nodes
49 234
49 234
52 231
45 228    less nodes
45 228    less nodes
42 787    less nodes
31 2638    less nodes
31 2638    less nodes
31 330    less nodes
31 1447    less nodes
31 332    less nodes
31 1451    less nodes
31 2188    less nodes
31 412    less nodes
47 223
47 223
232 1420
232 1135
232 1030
33 1368    less nodes
45 221    less nodes
42 224    less nodes
42 224    less nodes
42 224    less nodes
46 215    less nodes
31 1752    less nodes
31 610    less nodes
31 366    less nodes
31 364    less nodes
232 1426
232 1134
222 1124
222 1124
222 1018
196 1134
33 1368    less nodes
33 952    less nodes
33 364    less nodes
33 350    less nodes
54 232
43 812    less nodes
43 249    less nodes
232 1430
232 1095
33 1368    less nodes
33 925    less nodes
33 1296    less nodes
33 345    less nodes
49 232
46 229    less nodes
46 229    less nodes
46 231    less nodes
41 1123    less nodes
31 2267    less nodes
31 533    less nodes
31 533    less nodes
31 1802    less nodes
31 1802    less nodes
231 1425
185 795
185 795
150 760
31 1374    less nodes
31 870    less nodes
31 360    less nodes
48 220
48 220
31 1517    less nodes
31 1517    less nodes
31 855    less nodes
232 1434
33 1368    less nodes
33 1368    less nodes
47 229
31 1728    less nodes
31 324    less nodes
46 223    less nodes
46 223    less nodes
42 220    less nodes
31 1745    less nodes
231 1428
294 812
232 1426
224 1418
195 1501
271 784
271 778
85 320
31 1390    less nodes
31 1390    less nodes
31 342    less nodes
31 1269    less nodes
31 568    less nodes
232 1428
304 820
255 986
232 1426
232 1426
224 1418
224 1127
263 762
245 947
245 721
175 1442
175 1442
172 1502
172 924
172 653
172 653
67 276
67 276
67 276
67 276
67 276
233 1436
304 808
304 793
212 1244
106 1068
33 1392    less nodes
33 1392    less nodes
33 1392    less nodes
33 1392    less nodes
33 812    less nodes
33 1306    less nodes
70 300
53 235
53 231
31 1421    less nodes
31 804    less nodes
31 804    less nodes
31 340    less nodes
54 229
54 229
54 229
54 229
54 229
54 229
31 2071    less nodes
234 1426
170 719
110 761
135 414
135 414
94 943
134 435
31 1307    less nodes
31 854    less nodes
31 368    less nodes
31 368    less nodes
31 368    less nodes
31 368    less nodes
31 368    less nodes
232 1434
212 1574
144 519
59 248
58 247
61 243
31 1344    less nodes
31 1344    less nodes
46 227    less nodes
46 227    less nodes
31 1771    less nodes
31 631    less nodes
31 631    less nodes
66 287
66 260
66 260
48 233
50 231
232 1430
199 1529
199 1120
199 997
240 668
240 666
31 1273    less nodes
31 1011    less nodes
232 1419
224 1411
33 1368    less nodes
232 1426
296 806
33 1368    less nodes
33 1368    less nodes
64 257
64 244
66 242
232 1433
296 806
33 1368    less nodes
33 1368    less nodes
33 1368    less nodes
33 1368    less nodes
33 1368    less nodes
33 1368    less nodes
33 1368    less nodes
33 1368    less nodes
47 229
31 1726    less nodes
70 277
54 248
58 243
55 247
55 247
58 243
54 618
71 269
71 263
71 260
232 1441
232 1155
195 1488
195 1488
265 777
265 633
265 633
183 996
183 740
183 740
183 740
232 1415
231 1428
231 1146
194 1475
194 1495
110 418
110 418
110 418
109 417
76 400
76 396
76 388
76 388
76 388
76 388
58 285
58 285
31 1710    less nodes
46 225    less nodes
46 225    less nodes
31 1725    less nodes
73 285
73 268
73 268
64 270
52 227
31 1398    less nodes
31 585    less nodes
31 585    less nodes
49 219
234 1428
298 809
33 1368    less nodes
33 558    less nodes
50 221
50 221
50 221
50 221
49 220
31 1388    less nodes
64 272
64 264
64 264
64 264
57 495
232 1438
180 790
80 346
88 330
88 330
77 351
77 351
77 351
65 963
108 399
82 419
82 419
31 1364    less nodes
31 1364    less nodes
31 1364    less nodes
74 333
74 324
232 1439
224 1431
195 1514
195 1514
195 1514
195 1125
128 1058
178 635
178 530
90 479
56 258
61 250
31 1427    less nodes
72 304
54 236
54 236
54 236
54 236
54 236
54 236
232 1427
232 1118
174 655
166 508
112 672
112 454
112 454
71 299
75 285
75 281
59 634
232 1434
183 748
135 1343
80 325
78 325
71 318
71 305
71 305
64 537
52 1073
31 1328    less nodes
46 223    less nodes
46 223    less nodes
46 223    less nodes
46 223    less nodes
43 211    less nodes    less lits
41 780    less nodes
40 779    less nodes
40 779    less nodes
40 321    less nodes
232 1441
232 1106
232 1030
181 1141
33 1300    less nodes
33 1300    less nodes
33 1300    less nodes
232 1451
224 1443
33 1368    less nodes
33 1368    less nodes
45 221    less nodes
45 221    less nodes
45 221    less nodes
41 228    less nodes
41 228    less nodes
41 228    less nodes
41 228    less nodes
41 228    less nodes
41 228    less nodes
41 228    less nodes
31 1750    less nodes
31 572    less nodes
31 572    less nodes
232 1420
232 1137
222 1127
222 1127
171 749
171 749
171 742
114 961
69 317
71 311
72 310
72 310
72 310
72 307
62 558
232 1409
212 1537
191 1500
232 1385
232 1111
232 1111
177 716
133 926
33 1490    less nodes
33 1490    less nodes
33 1490    less nodes
33 885    less nodes
232 1415
231 1428
231 1099
263 688
31 1358    less nodes
31 1358    less nodes
31 1358    less nodes
46 223    less nodes
46 223    less nodes
41 963    less nodes
31 1735    less nodes
233 1420
298 802
231 1428
33 1368    less nodes
33 1368    less nodes
33 1368    less nodes
33 349    less nodes
33 349    less nodes
33 349    less nodes
33 1264    less nodes
33 1264    less nodes
33 1264    less nodes
33 1264    less nodes
33 1264    less nodes
48 226
42 994    less nodes
42 994    less nodes
234 1435
171 683
144 656
108 935
108 542
67 288
62 611
62 293
58 289
58 283
58 283
58 283
65 262
65 262
65 262
65 262
58 477
58 477
58 275
31 1426    less nodes
31 341    less nodes
31 1455    less nodes
31 341    less nodes
31 2193    less nodes
31 2193    less nodes
31 2193    less nodes
47 217
47 217
47 217
47 217
233 1421
231 1428
175 720
107 703
104 700
231 1425
231 1428
223 1420
296 811
296 798
296 798
258 968
258 739
33 1368    less nodes
232 1426
224 1418
224 1091
216 1083
232 1426
212 1561
191 1517
102 398
96 397
82 635
31 1682    less nodes
232 1431
232 1140
33 1368    less nodes
33 1368    less nodes
33 349    less nodes
232 1442
232 1102
232 1026
232 1026
232 1426
232 1133
232 1028
232 1028
232 1028
180 811
209 576
209 574
85 370
85 368
64 315
62 297
69 280
232 1414
231 1428
296 811
296 811
296 811
296 798
232 1426
224 1418
224 1127
195 1473
195 1075
173 1189
173 1092
232 1410
231 1428
175 720
155 476
155 475
159 459
159 459
159 456
31 1362    less nodes
31 560    less nodes
232 1425
212 1559
201 1912
195 2545
33 1368    less nodes
33 358    less nodes
31 356    less nodes
31 1268    less nodes
31 1268    less nodes
31 1268    less nodes
233 1422
232 1426
199 1525
199 1525
275 789
218 1249
101 390
96 387
70 309
63 511
48 1204
50 241
47 236
44 535    less nodes
233 1432
33 1368    less nodes
33 950    less nodes
33 950    less nodes
231 1409
33 1368    less nodes
45 221    less nodes
45 219    less nodes
43 219    less nodes
43 219    less nodes
43 219    less nodes
232 1421
232 1138
33 1368    less nodes
33 1368    less nodes
33 558    less nodes
33 558    less nodes
33 384    less nodes
231 1409
231 1098
33 1368    less nodes
33 349    less nodes
33 2265    less nodes
33 2265    less nodes
33 579    less nodes
33 433    less nodes
33 362    less nodes
31 360    less nodes
31 360    less nodes
47 228
31 1389    less nodes
31 1389    less nodes
31 570    less nodes
31 364    less nodes
31 1361    less nodes
31 541    less nodes
31 541    less nodes
31 541    less nodes
62 252
62 252
56 259
56 259
56 255
231 1428
231 1099
185 1515
185 1515
33 1271    less nodes
46 221    less nodes
46 221    less nodes
46 221    less nodes
45 220    less nodes
42 211    less nodes    less lits
43 210    less nodes    less lits
43 210    less nodes    less lits
43 210    less nodes    less lits
43 210    less nodes    less lits
43 210    less nodes    less lits
43 210    less nodes    less lits
43 210    less nodes    less lits
43 210    less nodes    less lits
40 943    less nodes
68 252
68 252
68 243
68 243
233 1416
225 1408
225 1408
225 1088
225 1024
217 1016
217 1008
31 1358    less nodes
31 883    less nodes
46 224    less nodes
232 1429
224 1421
231 1428
223 1420
232 1426
212 1561
212 1244
204 1342
259 759
232 1426
232 1133
269 776
269 776
33 1368    less nodes
33 1368    less nodes
33 1368    less nodes
33 1368    less nodes
33 890    less nodes
45 219    less nodes
47 217
43 217    less nodes
43 217    less nodes
43 217    less nodes
42 211    less nodes    less lits
234 1438
234 1150
