231 1195
180 719
194 553
232 1426
296 806
33 1368		less nodes
45 221		less nodes
45 221		less nodes
45 219		less nodes
48 216
44 585		less nodes
233 1419
213 1549
213 1160
74 301
31 2484		less nodes
83 301
67 308
77 295
31 2484		less nodes
83 301
31 2484		less nodes
232 1407
33 1368		less nodes
33 1368		less nodes
64 257
31 1358		less nodes
31 1358		less nodes
31 1358		less nodes
31 1358		less nodes
31 564		less nodes
49 226
49 222
47 374
47 267
47 259
47 259
47 256
47 569
47 225
47 225
47 225
47 225
31 1406		less nodes
31 339		less nodes
56 233
56 233
50 230
47 225
47 225
46 221		less nodes
46 221		less nodes
51 216
46 221		less nodes
51 216
45 772		less nodes
40 803		less nodes
40 333		less nodes
45 232		less nodes
45 232		less nodes
45 232		less nodes
45 232		less nodes
31 2350		less nodes
233 1418
305 815
204 1274
33 1389		less nodes
45 220		less nodes
42 496		less nodes
40 496		less nodes
40 496		less nodes
40 309		less nodes
40 309		less nodes
40 309		less nodes
40 309		less nodes
31 1863		less nodes
31 1863		less nodes
31 742		less nodes
232 1432
232 1144
232 1144
232 1144
232 1144
195 1479
195 1107
232 1417
212 1557
284 805
284 696
82 378
82 371
68 856
31 1299		less nodes
232 1382
33 1368		less nodes
64 257
64 249
64 249
64 249
55 258
65 245
65 245
31 2003		less nodes
31 2003		less nodes
31 2003		less nodes
68 273
68 273
31 2003		less nodes
31 2003		less nodes
31 2003		less nodes
31 2003		less nodes
31 932		less nodes
231 1420
198 1519
33 1408		less nodes
45 225		less nodes
232 1435
174 724
33 1369		less nodes
33 1369		less nodes
232 1444
199 1543
232 1429
181 823
33 1373		less nodes
231 1425
33 1368		less nodes
33 1368		less nodes
33 1368		less nodes
33 558		less nodes
33 1368		less nodes
33 1368		less nodes
33 1368		less nodes
45 221		less nodes
31 1725		less nodes
70 270
232 1439
174 687
174 686
174 686
174 684
140 650
159 471
233 1432
297 812
231 1428
211 1565
211 1257
33 1368		less nodes
33 558		less nodes
33 1368		less nodes
232 1426
232 1133
222 1123
232 1426
296 806
296 806
210 1176
252 763
252 748
82 319
233 1435
225 1427
33 1368		less nodes
33 358		less nodes
31 356		less nodes
31 356		less nodes
31 1267		less nodes
31 1267		less nodes
232 1444
232 1426
199 1525
199 1107
199 1100
199 1517
232 1410
212 1545
212 1161
179 1275
33 1368		less nodes
231 1428
175 720
33 1372		less nodes
33 1372		less nodes
62 262
62 251
49 231
49 231
232 1420
232 1136
271 776
271 776
271 776
253 961
253 727
33 1368		less nodes
33 1368		less nodes
33 349		less nodes
233 1426
233 1130
208 1981
208 1981
208 1373
208 1022
200 1016
66 898
31 1277		less nodes
31 1277		less nodes
31 814		less nodes
31 814		less nodes
232 1428
232 1131
33 1368		less nodes
47 229
41 224		less nodes
233 1424
233 1131
233 1027
33 1368		less nodes
33 558		less nodes
50 221
50 221
50 221
47 465
49 222
49 222
49 222
49 222
49 222
49 222
47 522
47 522
46 217		less nodes
31 1463		less nodes
31 1463		less nodes
45 221		less nodes
45 221		less nodes
45 221		less nodes
46 220		less nodes
43 208		less nodes	less lits
41 207		less nodes	less lits
31 1758		less nodes
72 281
55 235
55 235
31 1564		less nodes
46 221		less nodes
47 220
47 220
46 221		less nodes
42 214		less nodes
42 214		less nodes
31 1784		less nodes
31 1784		less nodes
31 1784		less nodes
76 301
